    464475000
464825000
461100000
462100000
463300000
463600000
463925000
461250000
463625000
464000000
464575000
464775000
4606625000
4608125000
461050000
461575000
462075000
462375000
46161875
462531250
451550000
451700000
452175000
461350000
462575000
462800000
462775000
461620000
460800000
463350000
464450000
162400000
461985000
461990000
462850000
462350000
461525000
461710000
461510000
461440000
461800000
851350000
851575000
849600000
852325000
851535000
851585000
852825000
851685000
852150000
851060000
852175000
851660000
852400000
852900000
851985000
851015000
851035000
852250000
851625000
851850000
852435000
852985000
851100000
852460000
851315000
852185000
852685000
851910000
851875000
852125000
851395000
851990000
851075000
851385000
851900000
852925000
851050000
851825000
851600000
851650000
852100000
851960000
852110000
851285000
852485000
851450000
851610000
851635000
851710000
851925000
852060000
851410000
852610000
852035000
851915000
852575000
852085000
851200000
851880000
851510
851310000
851250000
851225000
852425000
852450000
851300000
852210000
852025000
852275000
852760000
